PMID,FC_7576301,FC_8593205,FC_8924224,FC_9015311,FC_9245791,FC_9443089,FC_9569056,FC_9584145,FC_9649126,FC_9681800,FC_9732293,FC_9832560,FC_10330400,FC_10352017,FC_10491393,FC_10525535,FC_10662776,FC_10811821,FC_11056682,FC_11086000,FC_11157977,FC_11285283,FC_11381093,FC_11401727,FC_11532215,FC_11564752,FC_11591730,FC_11690545,FC_11707154,FC_11737944,FC_11790258,FC_11870542,FC_11879553,FC_11983060,FC_12049663,FC_12058019,FC_12095422,FC_12135983,FC_12147673,FC_12175426,FC_12184807,FC_12184811,FC_12225587,FC_12354330,FC_12429061,FC_12429067,FC_12537560,FC_12538638,FC_12556960,FC_12615908,FC_12659637,FC_12682085,FC_12803655,FC_12823867,FC_12930545,FC_12950995,FC_12962547,FC_12967349,FC_14517204,FC_14557250,FC_14562023,FC_14581449,TA_7576301,TA_8593205,TA_8924224,TA_9015311,TA_9245791,TA_9443089,TA_9569056,TA_9584145,TA_9649126,TA_9681800,TA_9732293,TA_9832560,TA_10330400,TA_10352017,TA_10491393,TA_10525535,TA_10662776,TA_10811821,TA_11056682,TA_11086000,TA_11157977,TA_11285283,TA_11381093,TA_11401727,TA_11532215,TA_11564752,TA_11591730,TA_11690545,TA_11707154,TA_11737944,TA_11790258,TA_11870542,TA_11879553,TA_11983060,TA_12049663,TA_12058019,TA_12095422,TA_12135983,TA_12147673,TA_12175426,TA_12184807,TA_12184811,TA_12225587,TA_12354330,TA_12429061,TA_12429067,TA_12537560,TA_12538638,TA_12556960,TA_12615908,TA_12659637,TA_12682085,TA_12803655,TA_12823867,TA_12930545,TA_12950995,TA_12962547,TA_12967349,TA_14517204,TA_14557250,TA_14562023,TA_14581449
7576301,1,0.550457867,0.764895205,0.233184318,0.233184323,0.719390887,0.594707546,0.262917784,0.724192847,0.610617961,0.23371387,0.255250895,0.273998195,0.496100221,0.233184176,0.233184175,0.233184198,0.234261706,0.233210019,0.233184181,0.2331842,0.233225527,0.233184563,0.233184507,0.233206209,0.234742128,0.23318418,0.259343149,0.233328704,0.235829355,0.233184175,0.287948085,0.23320125,0.253182797,0.233186157,0.233214643,0.233202088,0.233184177,0.233184197,0.233184294,0.233185584,0.2331845,0.233184176,0.233273168,0.233187693,0.23366404,0.233184176,0.233184863,0.88308532,0.233908832,0.314741629,0.233184177,0.233207703,0.234658526,0.258895508,0.234876972,0.233184895,0.333083353,0.233184191,0.233184186,0.882236991,0.233418948,1,0.00514832,0.894262418,0.367538818,0.547175932,0.786874167,0.281681763,0.723405378,0.368878153,0.377127441,0.412598494,0.530741216,0.47275846,0.401218155,0.798333248,0.422452514,0.27845118,0.636989024,5.49E-04,0.659235047,0.463127301,0.859877648,0.909555016,0.138543299,0.395915497,0.338227858,0.401438811,0.708427722,0.763636084,0.301418979,0,0.403247837,0.173312096,0.470060423,0.25754447,0.589954076,0.787024781,0.723564881,0.464348464,0.182171843,0.534956708,0.754271235,0.145667029,0.830609694,0.227685993,0.515449542,0.873922706,6.00E-04,0.760443111,0.011553311,0.235539837,0.253648206,0.686517905,0.770323064,0.717926141,0.211763589,0.763808511,0,0.867940807,0.733078061,0.443692667,0.20308965
8593205,0.38481098,1,0.548745425,1.19E-04,1.44E-07,0.420825875,0.413560337,0.065950104,0.537465346,0.357878061,5.45E-04,0.050986391,0.051801779,0.239106654,4.06E-09,1.74E-11,1.98E-08,0.001176651,0.007092773,4.81E-09,1.96E-07,3.95E-05,2.77E-07,8.29E-06,0.037231186,0.001385852,2.82E-08,0.090553149,0.040221069,1.37E-07,1.16E-11,7.83E-05,1.01E-06,8.10E-07,0.030068434,2.62E-05,0.037240659,3.13E-05,1.88E-06,8.00E-05,0.037220861,6.75E-07,7.44E-10,0.007542334,0.037227377,3.20E-04,0.037220713,6.60E-07,0.739580183,0.001169691,0.05180063,3.50E-09,2.32E-05,0.01784659,0.023492276,0.003502149,0.037222785,0.042999149,3.59E-08,4.28E-08,0.720693735,2.12E-04,0.00514832,1,0.057857977,0.002049604,0,0.003811535,0.027713796,0.011086254,0.005179894,0.006138099,0.001714281,0.006347655,1.48E-04,3.09E-04,0.001732431,0.001123815,0.001200213,0.004817976,0.042876988,0,3.59E-04,3.36E-04,1.14E-04,0,0.024442825,0,0,0.030949408,0.003728397,0,0,0.006359497,0,0.007166783,0.030190152,2.89E-04,0.022126111,0.005136227,0,0.01137179,0.027870784,0.004197327,0.012506156,0.001659607,0.035532347,6.03E-04,0.007572553,0.445212504,0.00391803,0,0.036814269,7.90E-05,0.003956724,0,0,0.010974018,0.008474732,0.0208181,0.008294527,0,0.028023289,7.05E-04
8924224,0.557356521,0.501068914,1,0.202816135,0.194684211,0.545424028,0.492752742,0.282922095,0.549542842,0.465479552,0.195135893,0.210910515,0.22459973,0.397481504,0.194694217,0.194683993,0.196672877,0.195480425,0.194710602,0.195379524,0.212740805,0.215994364,0.198089092,0.194687441,0.241252326,0.204086507,0.194682726,0.221185773,0.206892448,0.195905386,0.19468272,0.218525387,0.212148884,0.194682724,0.194698103,0.208624409,0.19480617,0.194682742,0.194684947,0.194682725,0.194682765,0.194682729,0.19468272,0.194924459,0.194783302,0.194946204,0.19468272,0.194731861,0.659417643,0.207969214,0.269385651,0.194682722,0.198005601,0.241619324,0.213166863,0.196859203,0.241238069,0.356153196,0.26273859,0.19473611,0.661383773,0.216131168,0.894262418,0.057857977,1,0.353622483,0.525326296,0.753296733,0.279193706,0.699963354,0.3547431,0.361845992,0.395038186,0.50870958,0.454529836,0.382888441,0.768317498,0.405943618,0.267144335,0.609516105,0.013910573,0.635223307,0.443417694,0.828167488,0.874171526,0.127712036,0.385250483,0.325872444,0.38495134,0.676982312,0.733989093,0.283550616,0,0.38210369,0.167288932,0.44956812,0.247640429,0.566012746,0.756223353,0.696112615,0.444826192,0.175868537,0.514384596,0.72374998,0.138627168,0.796872379,0.229069562,0.495383332,0.838556557,7.53E-04,0.73181772,0.003030594,0.226481998,0.243227412,0.660117408,0.747797884,0.69031782,0.201529385,0.729913693,0.012273218,0.855819492,0.703847657,0.43710773,0.195181376
9015311,0.364444135,0.219166323,0.39078533,1,0.218251523,0.379131436,0.338431794,0.323277639,0.374222485,0.347266525,0.218824809,0.232909339,0.258731459,0.323174578,0.322280198,0.218307327,0.690451305,0.218706457,0.218247615,0.219505324,0.726202766,0.265986091,0.22595034,0.218333757,0.218499222,0.23754431,0.311777683,0.219579874,0.218543798,0.218247837,0.218248298,0.311607138,0.257343958,0.218247631,0.218449067,0.24837972,0.218498168,0.311707123,0.218324571,0.218247458,0.218497037,0.218247442,0.218247407,0.218323418,0.21849746,0.218420734,0.218496979,0.218364394,0.36978,0.244801647,0.220787871,0.310715179,0.218255857,0.218522322,0.227217591,0.218857082,0.218499114,0.219099246,0.252627976,0.218371792,0.384674416,0.2660032,0.367538818,0.002049604,0.353622483,1,0.217958799,0.314078962,0.113363863,0.307639232,0.428440667,0.152023573,0.169078281,0.217672723,0.305177737,0.228573427,0.479852309,0.175174815,0.847472345,0.257856922,1.57E-04,0.264699159,0.35611911,0.348285017,0.366063536,0.052409387,0.161284348,0.281132864,0.166366253,0.283525022,0.392798003,0.119340574,0,0.167144775,0.074180502,0.187419607,0.108748948,0.386810532,0.319924754,0.304447941,0.188438819,0.082696814,0.217509368,0.301832857,0.057721479,0.332345272,0.099510211,0.212578317,0.352904194,0.001657837,0.304434946,0.001079731,0.099938558,0.105816896,0.275259872,0.308412034,0.287434028,0.084463105,0.305787998,0.005324933,0.351796859,0.294050662,0.178294528,0.08318497
9245791,0.352904987,0.22450809,0.375719043,0.198570816,1,0.368264824,0.323436479,0.212172791,0.345642585,0.33516402,0.230391495,0.207164105,0.21403626,0.495140881,0.23290458,0.199019963,0.426073531,0.22580296,0.198567744,0.199126537,0.199120855,0.426001432,0.420056993,0.199150658,0.198567669,0.344101283,0.198568793,0.199984032,0.198608322,0.425493645,0.198569106,0.198582011,0.198585536,0.19856819,0.198567731,0.198646684,0.198568982,0.198570563,0.199139913,0.198567798,0.198567658,0.198567679,0.198567567,0.198595447,0.198567654,0.198675559,0.198567658,0.226400176,0.378945472,0.210338229,0.201249602,0.198574059,0.198576351,0.198733001,0.208032085,0.200976093,0.198567682,0.199463985,0.42867389,0.222291751,0.391036689,0.226333995,0.547175932,0,0.525326296,0.217958799,1,0.462564515,0.166531464,0.427926606,0.220192684,0.222580647,0.24576656,0.316611381,0.281556982,0.288034498,0.486001553,0.251446877,0.209740499,0.383848365,0,0.392093014,0.274243061,0.510680249,0.541489148,0.083866224,0.234310314,0.202400748,0.24024806,0.419104075,0.45287277,0.328860003,0,0.238623103,0.11128434,0.289110559,0.152419711,0.349674106,0.465446396,0.434439493,0.298682848,0.107647991,0.316597544,0.446490898,0.08843281,0.491671886,0.134542964,0.307061972,0.516121495,0.008258185,0.450668746,0.006703401,0.139396951,0.152399585,0.410773351,0.455891826,0.424882332,0.142572429,0.456503661,0,0.547387583,0.440343129,0.262286745,0.18255364
9443089,0.480783287,0.386924982,0.510806385,0.160949646,0.160776451,1,0.419147803,0.212856206,0.518624751,0.447993279,0.161206433,0.203471461,0.202197974,0.343009677,0.1607763,0.162762061,0.160776316,0.202245768,0.160787108,0.160776314,0.16077678,0.160806423,0.160776544,0.160783192,0.265141808,0.161926902,0.160776334,0.215710585,0.232316467,0.16077631,0.160921593,0.16450127,0.160841429,0.196334993,0.214779408,0.16079475,0.227700432,0.16080262,0.160778726,0.16077638,0.228031572,0.196330932,0.160777096,0.202621456,0.227671486,0.165679784,0.227610389,0.160777068,0.634386432,0.161745303,0.179914237,0.160776298,0.164381697,0.246030032,0.179763593,0.195595254,0.229575444,0.23527463,0.160776306,0.160776316,0.632925116,0.16096967,0.786874167,0.003811535,0.753296733,0.314078962,0.462564515,1,0.239781586,0.61512514,0.31401635,0.323437148,0.348518792,0.454022243,0.402362562,0.339028799,0.68099858,0.369490635,0.235644995,0.543718321,0,0.561079656,0.390996989,0.731686929,0.772758539,0.110660221,0.348810193,0.287652587,0.342362719,0.603860856,0.651258264,0.250275468,6.58E-04,0.341640889,0.149987013,0.417841489,0.234100001,0.500023129,0.68542617,0.619438523,0.3937329,0.154773803,0.47416319,0.643786399,0.12267596,0.709920766,0.222557889,0.442555949,0.749183996,1.50E-04,0.646943402,0,0.213203726,0.215087642,0.586815081,0.661490405,0.610886038,0.182321111,0.65948066,0.017636544,0.737493795,0.622766521,0.378770838,0.170710531
9569056,0.454884421,0.463397267,0.531463909,0.140961447,0.133192615,0.489238646,1,0.177276526,0.539102289,0.422185161,0.133772303,0.160822387,0.170813402,0.336739905,0.133202209,0.133192511,0.135082851,0.134020218,0.136542307,0.133760652,0.150260621,0.15346555,0.136429419,0.133199014,0.160999185,0.14223878,0.133191314,0.155563073,0.271850403,0.133191551,0.13319137,0.133240441,0.1497789,0.143302802,0.143433534,0.149882705,0.145868882,0.133231696,0.134406155,0.133234346,0.145830549,0.13463478,0.133399578,0.135813553,0.145967596,0.133443948,0.145846013,0.133279941,0.670544637,0.144672985,0.139015491,0.133191393,0.134285904,0.154597429,0.152769993,0.135184743,0.160994429,0.187342035,0.147747349,0.133245833,0.67170475,0.153589382,0.281681763,0.027713796,0.279193706,0.113363863,0.166531464,0.239781586,1,0.223924036,0.11662854,0.115969197,0.128826687,0.164471449,0.144703004,0.12488376,0.245247133,0.129401821,0.085718284,0.193318553,0.027523522,0.201636382,0.152701104,0.264328653,0.278447231,0.039714414,0.126416837,0.104639063,0.122289941,0.218362694,0.27689019,0.090249599,0.001259655,0.12193614,0.054338047,0.145578146,0.082410166,0.179801638,0.244356112,0.223489745,0.14271107,0.062347736,0.166836619,0.231150585,0.044728652,0.253906423,0.077747708,0.158643636,0.267261327,9.90E-04,0.232804085,0,0.077983781,0.07727073,0.210365788,0.237399704,0.219611355,0.06677953,0.24547846,0.009649909,0.272297804,0.224198793,0.156862009,0.062807522
9584145,0.45634422,0.404654268,0.528478692,0.231158225,0.164106016,0.505958707,0.42426572,1,0.540694982,0.434487291,0.167994359,0.245221811,0.237459117,0.355371968,0.164087618,0.162316485,0.162920732,0.171538663,0.163410334,0.162662398,0.16541913,0.16889826,0.163158035,0.170723833,0.219959772,0.163988262,0.230063661,0.221630593,0.219678504,0.160971233,0.160869131,0.246976828,0.163668014,0.163345603,0.208389272,0.166085025,0.21976363,0.247319237,0.16609363,0.160875928,0.219688826,0.162495489,0.160889549,0.174133326,0.22103683,0.161411739,0.219690324,0.161034014,0.644882265,0.164626586,0.167669785,0.261176948,0.160927565,0.190499916,0.181377756,0.166193107,0.218203746,0.166923356,0.165071906,0.177829905,0.643072167,0.167314022,0.723405378,0.011086254,0.699963354,0.307639232,0.427926606,0.61512514,0.223924036,1,0.305249273,0.296168779,0.328368332,0.431671721,0.37823613,0.326434047,0.637704851,0.332311524,0.222581562,0.500348436,0.004918353,0.516119643,0.374909571,0.673472938,0.71244163,0.123868654,0.328843754,0.293715326,0.336160808,0.563884009,0.600582114,0.23282851,0.001846097,0.380892455,0.135670544,0.373601131,0.225087576,0.463092122,0.635012445,0.591780661,0.369270276,0.15414212,0.439342202,0.597659485,0.115632379,0.651444618,0.205630927,0.403527534,0.693597531,0.005938297,0.596402187,0.008110852,0.214730329,0.21322136,0.540137056,0.604116249,0.562833362,0.166066729,0.601286767,0.020073233,0.685706912,0.576222413,0.349473857,0.157236898
9649126,0.470091967,0.457051912,0.522645248,0.166196353,0.116936614,0.50608665,0.437405627,0.184896711,1,0.438646197,0.117493664,0.138331267,0.263817072,0.378616528,0.257447155,0.116936223,0.247369358,0.117837505,0.118528083,0.117549349,0.265882678,0.141630214,0.120880648,0.116941945,0.116938659,0.270774234,0.1567719,0.119310715,0.188376558,0.116934943,0.116934885,0.156740904,0.137167978,0.136652085,0.116988374,0.413906393,0.116938094,0.156741677,0.116934828,0.1169928,0.116935111,0.119749591,0.117340899,0.116998592,0.117139499,0.117215409,0.116965321,0.116994766,0.739749595,0.130957461,0.124127388,0.156315408,0.116957472,0.117364287,0.138399024,0.118221017,0.116934772,0.119134875,0.134675311,0.116997898,0.729125721,0.141830616,0.368878153,0.005179894,0.3547431,0.428440667,0.220192684,0.31401635,0.11662854,0.305249273,1,0.152514871,0.168876752,0.2204338,0.2720847,0.295370614,0.443010558,0.170730095,0.152056913,0.254991917,0.016240589,0.26630002,0.372863185,0.34742669,0.365971556,0.052217967,0.162212859,0.334955253,0.17246335,0.287021125,0.31568621,0.117986262,0.00331248,0.177025542,0.072776389,0.19503353,0.103409654,0.431334191,0.3222282,0.315462276,0.187185276,0.091385822,0.214796643,0.308518933,0.059069298,0.335304466,0.108047035,0.207493543,0.350164323,0.00228515,0.305524627,0,0.098434495,0.107294525,0.27565173,0.309301306,0.289243299,0.087589493,0.304797252,0.008731564,0.34972091,0.294238398,0.18171323,0.081760434
9681800,0.389977644,0.350636664,0.424597601,0.11653232,0.117029983,0.426684627,0.352073847,0.160239056,0.453618435,1,0.116853865,0.13922606,0.144574683,0.284280805,0.116499947,0.116499693,0.116499707,0.117756222,0.122280551,0.116499689,0.116500004,0.116526857,0.116499906,0.116502152,0.15088044,0.117547303,0.116502186,0.12993552,0.152966742,0.11650017,0.116499743,0.118956285,0.116500376,0.140718775,0.144277005,0.116606014,0.150882503,0.116508235,0.116508769,0.116499712,0.159422369,0.140716245,0.11650023,0.142790924,0.150867192,0.116960986,0.150880372,0.116541297,0.56817227,0.117069057,0.130119425,0.116544106,0.117146732,0.143895119,0.13301141,0.139623052,0.126679843,0.142004926,0.116499704,0.116499727,0.561383594,0.116677609,0.377127441,0.006138099,0.361845992,0.152023573,0.222580647,0.323437148,0.115969197,0.296168779,0.152514871,1,0.167721471,0.218166433,0.193578299,0.166146863,0.3267466,0.173400654,0.113323352,0.266414645,0.001142125,0.269850727,0.188969429,0.351817629,0.372053951,0.0532189,0.164229908,0.138338367,0.169190074,0.289425429,0.31734037,0.120445066,0,0.169400283,0.070886273,0.20697787,0.11449457,0.241788248,0.332548946,0.298710859,0.189119209,0.074434078,0.230508513,0.309899192,0.058997529,0.342874933,0.104015515,0.225889179,0.357598942,2.63E-04,0.313551203,0,0.099899806,0.103922832,0.282688812,0.315230109,0.293788342,0.089549749,0.32123265,0.001986369,0.354631668,0.299451162,0.18651306,0.083409848
9732293,0.306205429,0.242224211,0.333274849,0.12359778,0.143029954,0.324451584,0.279338483,0.139594361,0.339302379,0.285206043,1,0.133221214,0.1414771,0.24043556,0.179473781,0.128738939,0.130172491,0.168989585,0.123364242,0.129894249,0.129982867,0.129218301,0.130171097,0.130152191,0.12348204,0.124924722,0.123406196,0.1292184,0.123497289,0.123364358,0.123363269,0.123444832,0.123430101,0.123448075,0.123432723,0.124249913,0.123434277,0.123546305,0.130184618,0.123363171,0.123431174,0.123392508,0.123364503,0.123438293,0.123682337,0.123471185,0.123431269,0.123394159,0.40875873,0.123700623,0.126565126,0.248975858,0.123374493,0.123700517,0.134673878,0.12421387,0.123411111,0.124521565,0.130112952,0.158311537,0.410316809,0.169122389,0.412598494,0.001714281,0.395038186,0.169078281,0.24576656,0.348518792,0.128826687,0.328368332,0.168876752,0.167721471,1,0.251840588,0.22047501,0.184594569,0.362384641,0.195014977,0.139332843,0.296110835,0.004166795,0.297804677,0.214709941,0.389252979,0.412302902,0.062509624,0.178832833,0.158051695,0.184317348,0.328100062,0.345574538,0.132729465,0.002104824,0.18236282,0.078450889,0.217659208,0.118007654,0.278044478,0.356181438,0.333038282,0.209114827,0.084823952,0.245873168,0.338839887,0.065121409,0.370865919,0.102983254,0.230458735,0.389662731,0.004305453,0.340175936,0.004623785,0.108998183,0.4380279,0.306521732,0.344390929,0.323270843,0.096921122,0.339248852,0.005548231,0.389018026,0.330145962,0.199304476,0.090435675
9832560,0.383870118,0.314333453,0.416401163,0.166960527,0.16176606,0.423948342,0.354179554,0.253704013,0.420750723,0.36284006,0.16153169,1,0.267145635,0.302196119,0.165694931,0.161914007,0.162356141,0.170276099,0.161003782,0.162135392,0.164149309,0.164995093,0.162520448,0.1621324,0.211046799,0.163431462,0.165865432,0.210467067,0.219434005,0.160842322,0.160847854,0.166445515,0.323649933,0.161943035,0.200771807,0.163525782,0.213433987,0.25891679,0.162125363,0.162445928,0.210247036,0.161941905,0.160842315,0.171599257,0.213005695,0.161307277,0.212395759,0.160853406,0.501253688,0.163380467,0.165194914,0.165806908,0.162507168,0.1846453,0.17552621,0.164761982,0.209148011,0.164521964,0.165189358,0.253371224,0.504282325,0.164963716,0.530741216,0.006347655,0.50870958,0.217672723,0.316611381,0.454022243,0.164471449,0.431671721,0.2204338,0.218166433,0.251840588,1,0.279531385,0.234236706,0.46305083,0.248098697,0.169056395,0.378178027,0.01578933,0.380197578,0.275300109,0.498044969,0.526445454,0.081979079,0.241341594,0.197465909,0.238181021,0.415537739,0.441797824,0.170758088,0.001141664,0.242810112,0.24989409,0.278701815,0.16758396,0.346885558,0.468396784,0.437197229,0.268722981,0.115111274,0.327951422,0.437854041,0.084040083,0.479180004,0.163081068,0.299737736,0.506629396,0.003047786,0.44829875,0.004815278,0.156884334,0.151447993,0.397779413,0.443779001,0.413301443,0.122788957,0.447372076,0.01203752,0.506782994,0.422957177,0.272037279,0.117604597
10330400,0.550466842,0.459796238,0.599177082,0.243453781,0.214974788,0.598668516,0.506739067,0.301602718,0.693182173,0.512413994,0.213897176,0.312643144,1,0.436894177,0.232856038,0.219594611,0.233086691,0.247023301,0.216125232,0.219877731,0.232800643,0.218898153,0.220127582,0.220104921,0.234359811,0.226994256,0.240017016,0.241001159,0.26322298,0.211905979,0.21190578,0.238285521,0.211945837,0.213633327,0.229614008,0.243704614,0.233879225,0.315155727,0.220127968,0.211936194,0.235634438,0.21215233,0.211941342,0.218067486,0.236509571,0.214866219,0.23382233,0.211940409,0.746899258,0.213139298,0.218184869,0.237904408,0.214201864,0.222636339,0.233664629,0.214014463,0.238059573,0.217346579,0.222650253,0.280843442,0.750897558,0.22287853,0.47275846,1.48E-04,0.454529836,0.305177737,0.281556982,0.402362562,0.144703004,0.37823613,0.2720847,0.193578299,0.22047501,0.279531385,1,0.280724779,0.507813754,0.221080394,0.164266941,0.337278513,2.83E-04,0.339931891,0.40247419,0.443161767,0.467790165,0.067019287,0.205694213,0.330497977,0.213259713,0.365786419,0.435725267,0.15142978,0.001700565,0.211924171,0.089677956,0.243940898,0.132721394,0.424114031,0.408670788,0.386874667,0.240260797,0.100526918,0.275681321,0.388852159,0.075850554,0.429557527,0.118649313,0.265823839,0.450565805,7.78E-04,0.39217398,0,0.123363402,0.133945742,0.354350014,0.397338148,0.370475033,0.109771861,0.39196268,0.00448262,0.448024429,0.378458525,0.232622801,0.105871042
10352017,0.599806869,0.552630796,0.676209895,0.172797099,0.360513454,0.637200583,0.543313651,0.213089031,0.76556943,0.548154003,0.168318104,0.187907716,0.217126125,1,0.288397454,0.189022017,0.383597479,0.196383922,0.18089612,0.194922839,0.276056798,0.399675445,0.319148182,0.207656414,0.16419534,0.455848229,0.169060047,0.187986371,0.165793202,0.287849872,0.16419534,0.172565673,0.182613411,0.164195934,0.164195643,0.444366464,0.164199527,0.183151044,0.195627043,0.182423321,0.16419542,0.164195344,0.164195694,0.165610275,0.16419534,0.164461133,0.16419534,0.183276668,0.916519638,0.21434061,0.18499103,0.164256163,0.164227017,0.165231864,0.191629741,0.171397216,0.164195537,0.182564852,0.335150172,0.165312265,0.905799714,0.21688962,0.401218155,3.09E-04,0.382888441,0.228573427,0.288034498,0.339028799,0.12488376,0.326434047,0.295370614,0.166146863,0.184594569,0.234236706,0.280724779,1,0.566576323,0.184988165,0.214499446,0.280377892,0.004939199,0.284302618,0.589137518,0.381250377,0.404091288,0.065559973,0.177797172,0.579842973,0.176548888,0.313077282,0.329358246,0.144655557,0.007119061,0.176761987,0.079793038,0.22771448,0.113389909,0.622100172,0.353834942,0.321447262,0.202054207,0.084387241,0.235527061,0.332947579,0.067997359,0.365214989,0.106096273,0.225420504,0.376280137,0.003369284,0.328151768,0.008552491,0.109923972,0.112653578,0.296965914,0.333895678,0.311869138,0.099658649,0.336063906,0.018765556,0.388201301,0.320007964,0.193007775,0.097013607
10491393,0.303251559,0.215240214,0.326270293,0.217923422,0.173101343,0.318745086,0.277288972,0.159879071,0.350505869,0.285220034,0.214871202,0.159573099,0.170359449,0.313612803,1,0.20586647,0.221375121,0.269959023,0.147581845,0.21841977,0.218678456,0.210066479,0.22129165,0.221138222,0.147581634,0.463119691,0.147582325,0.196772882,0.147621262,0.147581632,0.14758163,0.147596313,0.147605485,0.147581671,0.147581738,0.46655189,0.147583768,0.147760346,0.22137163,0.14758163,0.147581637,0.147581636,0.147581631,0.14760968,0.147581635,0.148599195,0.147581634,0.147852225,0.363302345,0.147975162,0.15028663,0.147616863,0.147590695,0.147748266,0.157127738,0.148118392,0.147581887,0.148485734,0.220189933,0.194370422,0.369484055,0.276012653,0.798333248,0.001732431,0.768317498,0.479852309,0.486001553,0.68099858,0.245247133,0.637704851,0.443010558,0.3267466,0.362384641,0.46305083,0.507813754,0.566576323,1,0.372098283,0.306711136,0.553802219,5.31E-04,0.57579918,0.737839366,0.750494079,0.791339285,0.113169643,0.346869189,0.630793271,0.349619299,0.614059603,0.698929141,0.256612291,1.99E-04,0.343702297,0.155097302,0.4063933,0.227164261,0.825415626,0.686452814,0.634599931,0.407648622,0.160526829,0.469125703,0.65486153,0.125457861,0.721809868,0.201866779,0.452554729,0.759660161,0.007332774,0.661730092,0.001314207,0.208684871,0.223319489,0.598592889,0.670334766,0.624738989,0.183056543,0.663595878,0.002102614,0.75971081,0.636982865,0.385182442,0.182670883
10525535,0.330183181,0.221301899,0.353248118,0.174215236,0.174564255,0.347079859,0.302288419,0.185929099,0.332737148,0.312024386,0.181935301,0.182860539,0.193534101,0.290959926,0.242951799,1,0.242949724,0.246490031,0.174168096,0.240184668,0.240438973,0.232392156,0.242870585,0.242730539,0.174167374,0.17757748,0.176950901,0.219980525,0.177450796,0.174167376,0.174167374,0.174179986,0.174179495,0.174167374,0.174167479,0.181747194,0.174168645,0.174332711,0.3631254,0.174167374,0.174167423,0.174167374,0.174167374,0.174195485,0.174167374,0.466872496,0.174167374,0.174416464,0.37353382,0.17464338,0.176878384,0.174200211,0.17417602,0.174334378,0.183734855,0.174705236,0.174167606,0.175073486,0.241832151,0.176490904,0.382725678,0.239506048,0.422452514,0.001123815,0.405943618,0.175174815,0.251446877,0.369490635,0.129401821,0.332311524,0.170730095,0.173400654,0.195014977,0.248098697,0.221080394,0.184988165,0.372098283,1,0.128219192,0.38027366,0.001756571,0.304548324,0.213326093,0.396399785,0.41867856,0.060039134,0.184580434,0.156149738,0.19377825,0.329066545,0.352756419,0.135269944,9.49E-04,0.186802594,0.091396249,0.219451143,0.121998324,0.271069942,0.366775781,0.337188077,0.441238695,0.084213434,0.251863598,0.347548155,0.066706463,0.382613276,0.10912456,0.274359672,0.403650026,0.019177051,0.350811977,0,0.112992362,0.116796823,0.320390195,0.355017604,0.330771155,0.099620467,0.352089177,0.005161737,0.399385187,0.348446763,0.204630126,0.093413795
10662776,0.278806732,0.213454462,0.302743578,0.377494816,0.256658881,0.294651617,0.254824766,0.131674822,0.427158107,0.260470823,0.126399995,0.128459964,0.141257344,0.340690295,0.179422298,0.166851124,1,0.179080241,0.11961364,0.177116045,0.693217243,0.310930995,0.313067714,0.179236874,0.119613432,0.211170856,0.119613983,0.159603618,0.125641894,0.256309661,0.119613422,0.119626297,0.122891295,0.119613427,0.11961353,0.385055288,0.119614731,0.119757195,0.179421372,0.119613423,0.119613462,0.119613423,0.119613423,0.119642109,0.119613425,0.119696942,0.119613426,0.119839423,0.360288187,0.128316917,0.122379741,0.119642176,0.119622283,0.119783838,0.129375593,0.120167642,0.119613636,0.120538044,0.318022333,0.121644985,0.36303704,0.180423711,0.27845118,0.001200213,0.267144335,0.847472345,0.209740499,0.235644995,0.085718284,0.222581562,0.152056913,0.113323352,0.139332843,0.169056395,0.164266941,0.214499446,0.306711136,0.128219192,1,0.195616549,0.001533618,0.199901266,0.183973015,0.261526866,0.276766185,0.042401606,0.12096587,0.160014913,0.121834901,0.213188886,0.23035828,0.17290817,0,0.120720913,0.053695448,0.140985406,0.079744963,0.289166238,0.238501106,0.221496136,0.156139125,0.057159917,0.163203996,0.227832476,0.044073974,0.249810608,0.071635095,0.156411687,0.263407995,0.002571072,0.229242153,0.004097123,0.07357553,0.07647144,0.210385507,0.232201125,0.216406941,0.06464562,0.229412795,0.001456673,0.264816987,0.225153743,0.136236769,0.062403052
10811821,0.394910072,0.270912541,0.423427501,0.202082197,0.229317764,0.446051363,0.361361672,0.222205729,0.403002928,0.373595885,0.276154817,0.218306526,0.239007487,0.350411772,0.369034644,0.285543397,0.301782709,1,0.202031832,0.297767818,0.298207872,0.286505115,0.301670714,0.30151566,0.203615765,0.207500385,0.201995071,0.268725881,0.273247727,0.201995638,0.201993342,0.202230681,0.202187098,0.203583674,0.203287333,0.213062308,0.203602863,0.20651884,0.302215145,0.201993497,0.203594844,0.203545265,0.201994292,0.203626632,0.203698081,0.212859634,0.203594899,0.202358844,0.457005871,0.204449355,0.206040263,0.202041383,0.202044809,0.204026562,0.214106862,0.204123857,0.202095674,0.204667332,0.300190811,0.256804889,0.466868724,0.350145333,0.636989024,0.004817976,0.609516105,0.257856922,0.383848365,0.543718321,0.193318553,0.500348436,0.254991917,0.266414645,0.296110835,0.378178027,0.337278513,0.280377892,0.553802219,0.38027366,0.195616549,1,0,0.457382119,0.319435827,0.593908596,0.628227862,0.096254557,0.272975101,0.240494449,0.279387361,0.485432153,0.526846083,0.207304972,0,0.286717195,0.124105712,0.347097742,0.184094323,0.410538866,0.558990061,0.506997307,0.352153826,0.130210468,0.382390245,0.524184976,0.103206705,0.583279544,0.168260543,0.429067313,0.603777769,0.011644171,0.525017794,0.007497182,0.162399581,0.177004167,0.475512621,0.531608718,0.497014804,0.150995317,0.539981015,0,0.598604052,0.515249068,0.306746521,0.138192716
11056682,0.442950724,0.242245599,0.46442258,0.297629309,0.297629292,0.457411064,0.410206026,0.311757402,0.395638787,0.437418316,0.297811067,0.305412717,0.314087059,0.400100752,0.297629293,0.29763015,0.297629302,0.298046361,1,0.297629342,0.29762933,0.297644609,0.297629439,0.297629419,0.297647844,0.298161375,0.297629234,0.298595717,0.298931537,0.297629237,0.297629358,0.297653661,0.297629619,0.297632959,0.29765021,0.297637012,0.297639034,0.297629237,0.297629296,0.29763934,0.297637491,0.297632656,0.297629602,0.297659769,0.297637488,0.297700447,0.29763748,0.297629463,0.396540447,0.297833051,0.300171314,0.297629478,0.297638418,0.297808595,0.30654027,0.298136592,0.297642142,0.298607701,0.297629334,0.297629255,0.45815221,0.297712208,5.49E-04,0.042876988,0.013910573,1.57E-04,0,0,0.027523522,0.004918353,0.016240589,0.001142125,0.004166795,0.01578933,2.83E-04,0.004939199,5.31E-04,0.001756571,0.001533618,0,1,0.004276875,0.00305689,0.00228935,0,0,0,6.75E-04,1.99E-04,0,0,0,0.008611521,0.010834785,0.018950574,0.003725137,0,3.91E-04,0,0.001487615,0,0.030998905,0,0,0,0,0,0,0,9.33E-04,0.323037101,0,0,2.69E-04,0,0,0,0,0,0,0.005191174,0,0.112624938,0.006004357
11086000,0.4283106,0.231190427,0.450020918,0.284685312,0.28442826,0.442707222,0.393991009,0.295324527,0.385465076,0.411066031,0.298794814,0.29217946,0.305617653,0.412070866,0.419770026,0.391138134,0.419981128,0.418415846,0.28363001,1,0.416862742,0.401348747,0.419991312,0.419312275,0.283629795,0.290717166,0.283631027,0.373310223,0.283668609,0.283630356,0.283629751,0.283641448,0.285702187,0.283629756,0.283629867,0.300270096,0.283630955,0.283957391,0.419760919,0.283629753,0.28362976,0.283629753,0.283629752,0.283656076,0.283629753,0.283704457,0.283629753,0.284187841,0.390224591,0.285459909,0.286143805,0.283694745,0.28364112,0.283800991,0.293413631,0.284183637,0.283630246,0.28447727,0.419715275,0.288226214,0.412683913,0.418824742,0.659235047,0,0.635223307,0.264699159,0.392093014,0.561079656,0.201636382,0.516119643,0.26630002,0.269850727,0.297804677,0.380197578,0.339931891,0.284302618,0.57579918,0.304548324,0.199901266,0.457382119,0.004276875,1,0.332676197,0.622788599,0.653234147,0.096686241,0.284457526,0.243531591,0.288748845,0.51395693,0.548994221,0.218024532,0,0.283594998,0.125238353,0.335352734,0.190941186,0.422342435,0.565331749,0.52238485,0.369389996,0.130686868,0.388277911,0.540249027,0.103881583,0.595648639,0.163337918,0.376822949,0.628180503,0.024783826,0.54759975,0.00610355,0.169230757,0.182737771,0.495176419,0.553462027,0.515815864,0.151450121,0.546744139,0,0.635751135,0.527220871,0.319277204,0.157276584
11157977,0.315325574,0.223600708,0.343853289,0.500721007,0.15410215,0.331414688,0.29225197,0.168005514,0.492026789,0.296599793,0.162094713,0.163470084,0.177256262,0.309161504,0.227705626,0.212145938,0.890613981,0.22720164,0.153674114,0.225861061,1,0.262620615,0.235007367,0.227455236,0.153677453,0.175163868,0.153674582,0.202926596,0.161445049,0.153673927,0.153673884,0.153688102,0.191651726,0.153673889,0.153673995,0.520436406,0.153675578,0.153851926,0.227681262,0.153673887,0.153675273,0.153673885,0.153673885,0.153703015,0.1536887,0.153840142,0.153673885,0.154041022,0.377413774,0.178612723,0.15648284,0.153709217,0.153682885,0.207249054,0.164003624,0.154284654,0.153674714,0.154613381,0.259963892,0.156285775,0.383881098,0.270197838,0.463127301,3.59E-04,0.443417694,0.35611911,0.274243061,0.390996989,0.152701104,0.374909571,0.372863185,0.188969429,0.214709941,0.275300109,0.40247419,0.589137518,0.737839366,0.213326093,0.183973015,0.319435827,0.00305689,0.332676197,1,0.433052161,0.456055761,0.068659123,0.198232697,0.825682225,0.201168299,0.35331695,0.447960804,0.151214905,2.58E-04,0.199646723,0.088510394,0.234271326,0.12895109,0.776231006,0.393779911,0.364547787,0.23879691,0.092363753,0.267849861,0.377464296,0.072697329,0.415475902,0.115440084,0.260062166,0.436652379,0.003939321,0.380709583,0.004032892,0.117933492,0.126792901,0.343735714,0.390069469,0.359461643,0.105683815,0.382157666,0,0.439642346,0.368704114,0.223640948,0.105204533
11285283,0.385913374,0.28560885,0.423225084,0.199770839,0.377006551,0.406834043,0.357850888,0.196020659,0.41835607,0.361646989,0.184280766,0.188636499,0.200147446,0.518869517,0.250122079,0.234467765,0.456797767,0.249715721,0.175734955,0.248664776,0.300307397,1,0.521016758,0.275280293,0.175739285,0.330553407,0.175735372,0.225546736,0.175789298,0.376566708,0.175734538,0.175754005,0.2272117,0.175776728,0.175738405,0.223587023,0.17574128,0.175913422,0.250125295,0.175738764,0.175741989,0.175741999,0.175739633,0.175775453,0.175739135,0.175956117,0.17574337,0.176143053,0.482070833,0.284679714,0.179389113,0.175770335,0.175777126,0.175974999,0.188626264,0.176778756,0.175736886,0.176991305,0.495355235,0.178399311,0.487732737,0.309052162,0.859877648,3.36E-04,0.828167488,0.348285017,0.510680249,0.731686929,0.264328653,0.673472938,0.34742669,0.351817629,0.389252979,0.498044969,0.443161767,0.381250377,0.750494079,0.396399785,0.261526866,0.593908596,0.00228935,0.622788599,0.433052161,1,0.883349103,0.122778652,0.37114843,0.3191535,0.378307961,0.66076229,0.71691031,0.277847254,0,0.370798487,0.165563402,0.439738218,0.241433404,0.551189379,0.737582331,0.681210703,0.439763367,0.175348014,0.501491717,0.704894615,0.135152524,0.776899038,0.213660233,0.491645945,0.81846533,0.006507017,0.71277823,0,0.220805302,0.23696279,0.643571785,0.722134391,0.673015233,0.197369175,0.712137321,0,0.832028886,0.686059455,0.417084711,0.192392893
11381093,0.366573157,0.223033209,0.389946169,0.221568093,0.428396586,0.381482194,0.337303973,0.228976974,0.351969636,0.348972042,0.228881248,0.22557088,0.237510941,0.477999911,0.325020752,0.302263606,0.537186622,0.324048925,0.216759929,0.320971888,0.331481868,0.612510683,1,0.324691915,0.216759935,0.360388498,0.216760777,0.288234876,0.216801859,0.427765521,0.216759704,0.216772104,0.226925242,0.216759887,0.216759885,0.236508619,0.216769311,0.217019997,0.325014021,0.216759734,0.216759877,0.216759808,0.216759705,0.216786872,0.216760295,0.216854944,0.216759843,0.217214269,0.376456054,0.23342855,0.219363012,0.216811715,0.216768512,0.216920267,0.225946729,0.217290721,0.216760099,0.217630245,0.543184028,0.220441377,0.390933046,0.331907532,0.909555016,1.14E-04,0.874171526,0.366063536,0.541489148,0.772758539,0.278447231,0.71244163,0.365971556,0.372053951,0.412302902,0.526445454,0.467790165,0.404091288,0.791339285,0.41867856,0.276766185,0.628227862,0,0.653234147,0.456055761,0.883349103,1,0.133939334,0.391696248,0.335976308,0.396892601,0.6965542,0.756447574,0.299827752,0,0.392188028,0.173459529,0.467389834,0.256471261,0.582427781,0.781488848,0.717887056,0.462447604,0.182414304,0.532727499,0.745546204,0.142634947,0.821254953,0.228521812,0.510164413,0.862799635,0.005378041,0.752077213,0.007177219,0.233029703,0.250642211,0.681274725,0.762113776,0.710275244,0.208715903,0.755238558,0,0.869145849,0.724383546,0.437949578,0.201781675
11401727,0.468268334,0.245187539,0.490482306,0.318036895,0.318850256,0.483237159,0.430687855,0.345615684,0.41481992,0.450273144,0.335556601,0.326886302,0.341757277,0.473517683,0.476370335,0.44306844,0.476387795,0.474812668,0.317916959,0.470001292,0.470553565,0.498115675,0.476220413,1,0.317940865,0.325010136,0.317924133,0.422142502,0.31798211,0.317932866,0.31791678,0.317934775,0.317937209,0.317916991,0.317936271,0.335373763,0.317942479,0.318303591,0.476368659,0.317916706,0.317941841,0.31791672,0.317916803,0.318002824,0.317940807,0.318015636,0.31794082,0.318490094,0.413835395,0.582917938,0.320529312,0.352245647,0.317930895,0.318129712,0.327177852,0.318560372,0.317941399,0.318790084,0.678391329,0.323260653,0.439821588,0.468329199,0.138543299,0,0.127712036,0.052409387,0.083866224,0.110660221,0.039714414,0.123868654,0.052217967,0.0532189,0.062509624,0.081979079,0.067019287,0.065559973,0.113169643,0.060039134,0.042401606,0.096254557,0,0.096686241,0.068659123,0.122778652,0.133939334,1,0.05614304,0.047938151,0.063739444,0.099839277,0.108246463,0.049641721,0,0.081370692,0.024564095,0.067137025,0.039875244,0.087082054,0.114939549,0.10251997,0.069117607,0.02579351,0.075859864,0.111058194,0.02044431,0.117520297,0.032237808,0.083368525,0.123667752,0.00401647,0.107797563,0.018310685,0.038002012,0.042264168,0.097352093,0.111019582,0.101805957,0.029720936,0.108900775,0,0.130622103,0.106562785,0.062742533,0.028422223
11532215,0.416149136,0.285268434,0.471427397,0.279008232,0.278432585,0.595124892,0.406174573,0.465833279,0.371934738,0.482149219,0.278902156,0.436417283,0.340538813,0.365140935,0.278432333,0.27843232,0.278432349,0.280922525,0.278453357,0.278432363,0.278436982,0.278450421,0.278432682,0.278470432,1,0.279048025,0.278432443,0.515248015,0.482208918,0.278433205,0.278432611,0.290450822,0.278432988,0.397780083,0.600456158,0.278467798,0.577793828,0.278582842,0.278432361,0.278432799,0.57675606,0.399730126,0.278510947,0.433421547,0.596137564,0.279325039,0.590493454,0.278433148,0.374458512,0.28166574,0.328966716,0.278432336,0.28860573,0.571641689,0.292087325,0.394859225,0.556846021,0.50078659,0.27843233,0.278433291,0.3968022,0.278590092,0.395915497,0.024442825,0.385250483,0.161284348,0.234310314,0.348810193,0.126416837,0.328843754,0.162212859,0.164229908,0.178832833,0.241341594,0.205694213,0.177797172,0.346869189,0.184580434,0.12096587,0.272975101,0,0.284457526,0.198232697,0.37114843,0.391696248,0.05614304,1,0.14593944,0.181870185,0.510966201,0.355072673,0.126854948,0.014245879,0.169596076,0.074781156,0.353483558,0.455792171,0.253604951,0.547389674,0.347281269,0.201837115,0.078523897,0.421823154,0.364714731,0.067319929,0.446072019,0.443143218,0.221910859,0.428347913,0,0.328171106,0,0.37041736,0.1100147,0.343530302,0.423492996,0.420883774,0.298215581,0.405096744,0.337377313,0.374040412,0.31581834,0.19100883,0.086526561
11564752,0.365482504,0.24850511,0.394181505,0.199987093,0.310347226,0.383090637,0.336991114,0.20396675,0.42016396,0.345091859,0.190902314,0.19966239,0.211321735,0.556382086,0.593408682,0.192265363,0.316370458,0.194301583,0.189135815,0.19356158,0.215212051,0.33802508,0.31419415,0.193080783,0.189274388,1,0.189552626,0.193061465,0.189904273,0.30914954,0.189122974,0.189598542,0.210041411,0.189122975,0.189183962,0.733728991,0.18920639,0.189773998,0.194042103,0.189122983,0.189302591,0.189122974,0.189123037,0.189186048,0.189507733,0.189309243,0.189301046,0.189490609,0.419352285,0.208466138,0.19219428,0.189550411,0.189133223,0.189476109,0.200100357,0.190304995,0.189197426,0.19019956,0.331836082,0.189972597,0.428874499,0.218899516,0.338227858,0,0.325872444,0.281132864,0.202400748,0.287652587,0.104639063,0.293715326,0.334955253,0.138338367,0.158051695,0.197465909,0.330497977,0.579842973,0.630793271,0.156149738,0.160014913,0.240494449,6.75E-04,0.243531591,0.825682225,0.3191535,0.335976308,0.047938151,0.14593944,1,0.148131947,0.263055334,0.320139495,0.108316037,0,0.14544415,0.066639654,0.173640471,0.097517378,0.721535431,0.28990182,0.270612812,0.173002326,0.069898901,0.197191782,0.277171926,0.053143384,0.305484817,0.083799661,0.192541562,0.321464645,0.00422824,0.280211331,0,0.086822951,0.093176244,0.253059149,0.283950786,0.26463662,0.077257248,0.279815886,0,0.321074548,0.26966383,0.163094305,0.075451952
11591730,0.35000625,0.218085651,0.371932478,0.288087546,0.201665016,0.364769154,0.320911169,0.297590872,0.359817906,0.332622449,0.201894893,0.214959504,0.240615498,0.298535257,0.201665001,0.204887027,0.201665002,0.202042167,0.201664245,0.201664959,0.20166497,0.201679948,0.201665142,0.201668839,0.201664102,0.202600991,1,0.202641817,0.201706748,0.201664415,0.201664053,0.494080508,0.201664602,0.201664052,0.201664191,0.201672033,0.201665436,0.310133939,0.201665001,0.2016641,0.201664104,0.201664052,0.201664052,0.201690792,0.201664102,0.201739829,0.2016641,0.201678164,0.368105109,0.202353603,0.204241724,0.287093325,0.201672282,0.201822875,0.210760816,0.202212777,0.201664119,0.202525604,0.201664989,0.201665229,0.380960204,0.201749536,0.401438811,0,0.38495134,0.166366253,0.24024806,0.342362719,0.122289941,0.336160808,0.17246335,0.169190074,0.184317348,0.238181021,0.213259713,0.176548888,0.349619299,0.19377825,0.121834901,0.279387361,1.99E-04,0.288748845,0.201168299,0.378307961,0.396892601,0.063739444,0.181870185,0.148131947,1,0.31037897,0.333351447,0.135255928,0,0.397384096,0.077081108,0.204445354,0.114586264,0.257971115,0.34372259,0.33403961,0.208320628,0.086823796,0.234643032,0.374064248,0.12567193,0.365287916,0.105610463,0.229370658,0.386071968,0.007169182,0.332564947,0.00331714,0.102614566,0.118607413,0.357279052,0.336224411,0.312769511,0.102179147,0.332155879,0,0.380254913,0.321048571,0.194568842,0.090549018
